0
1570796
3141587
4712372
6283144
7853901
9424638
10995353
12566040
14136696
15707317
17277900
18848440
20418933
21989376
23559765
25130095
26700364
28270567
29840700
31410759
32980741
34550641
36120457
37690183
39259816
40829352
42398787
43968118
45537341
47106451
48675444
50244318
51813068
53381690
54950180
56518534
58086750
59654821
61222746
62790520
64358138
65925598
67492895
69060026
70626986
72193772
73760380
75326806
76893045
78459096
80024952
81590612
83156069
84721322
86286366
87851197
89415811
90980204
92544373
94108313
95672022
97235494
98798726
100361715
101924456
103486945
105049179
106611154
108172866
109734311
111295485
112856385
114417006
115977345
117537397
119097160
120656629
122215800
123774669
125333234
126891488
128449430
130007055
131564359
133121339
134677989
136234308
137790291
139345933
140901232
142456183
144010783
145565027
147118912
148672434
150225589
151778374
153330784
154882815
156434465
157985729
159536602
161087083
162637165
164186847
165736123
167284990
168833445
170381483
171929100
173476294
175023059
176569392
178115290
179660749
181205764
182750332
184294449
185838111
187381315
188924056
190466331
192008137
193549468
195090322
196630695
198170582
199709981
201248886
202787295
204325204
205862609
207399505
208935890
210471760
212007110
213541937
215076237
216610006
218143241
219675938
221208093
222739702
224270761
225801267
227331216
228860604
230389427
231917681
233445364
234972470
236498997
238024940
239550296
241075061
242599231
244122802
245645771
247168134
248689887
250211027
251731549
253251450
254770726
256289373
257807388
259324767
260841506
262357602
263873050
265387847
266901989
268415473
269928294
271440450
272951936
274462748
275972883
277482337
278991106
280499187
282006576
283513269
285019262
286524553
288029136
289533009
291036167
292538607
294040325
295541318
297041582
298541112
300039906
301537960
303035270
304531832
306027642
307522698
309016994
310510529
312003297
313495295
314986520
316476967
317966634
319455516
320943610
322430912
323917418
325403125
326888030
328372127
329855415
331337888
332819545
334300379
335780389
337259571
338737920
340215434
341692108
343167939
344642923
346117057
347590337
349062759
350534320
352005016
353474844
354943799
356411879
357879079
359345396
360810826
362275367
363739013
365201762
366663610
368124553
369584587
371043710
372501918
373959206
375415571
376871010
378325520
379779096
381231734
382683432
384134186
385583992
387032847
388480747
389927688
391373667
392818680
394262724
395705796
397147891
398589006
400029137
401468282
402906436
404343596
405779758
407214919
408649075
410082223
411514359
412945479
414375581
415804660
417232714
418659738
420085728
421510683
422934597
424357468
425779292
427200065
428619784
430038445
431456046
432872582
434288049
435702445
437115767
438528009
439939170
441349245
442758231
444166125
445572922
446978621
448383216
449786705
451189084
452590350
453990500
455389529
456787434
458184213
459579861
460974375
462367751
463759987
465151078
466541022
467929814
469317452
470703932
472089251
473473404
474856390
476238204
477618842
478998303
480376581
481753674
483129579
484504291
485877808
487250126
488621241
489991152
491359853
492727342
494093615
495458668
496822500
498185105
499546482
500906625
502265533
503623202
504979627
506334807
507688738
509041416
510392838
511743000
513091900
514439534
515785898
517130990
518474806
519817343
521158597
522498565
523837244
525174630
526510721
527845512
529179001
530511184
531842059
533171621
534499867
535826795
537152401
538476681
539799632
541121252
542441537
543760483
545078087
546394347
547709258
549022818
550335023
551645871
552955357
554263479
555570233
556875616
558179626
559482258
560783510
562083378
563381859
564678950
565974648
567268949
568561851
569853349
571143442
572432126
573719397
575005252
576289689
577572703
578854293
580134454
581413184
582690480
583966337
585240754
586513727
587785252
589055328
590323949
591591115
592856820
594121063
595383840
596645147
597904983
599163343
600420225
601675626
602929542
604181970
605432907
606682351
607930298
609176744
610421688
611665125
612907054
614147470
615386370
616623752
617859613
619093949
620326758
621558036
622787780
624015988
625242656
626467782
627691361
628913392
630133871
631352795
632570162
633785968
635000209
636212884
637423990
638633522
639841479
641047857
642252653
643455865
644657489
645857522
647055962
648252805
649448048
650641690
651833725
653024153
654212969
655400171
656585756
657769721
658952062
660132778
661311865
662489321
663665141
664839325
666011867
667182767
668352020
669519624
670685577
671849874
673012514
674173493
675332808
676490457
677646437
678800746
679953379
681104334
682253609
683401201
684547106
685691322
686833847
687974676
689113808
690251240
691386969
692520992
693653306
694783908
695912797
697039968
698165419
699289148
700411151
701531426
702649970
703766780
704881854
705995189
707106781
708216629
709324730
710431080
711535677
712638519
713739602
714838925
715936483
717032275
718126298
719218549
720309025
721397724
722484643
723569779
724653130
725734693
726814465
727892444
728968627
730043012
731115595
732186374
733255346
734322509
735387861
736451398
737513117
738573017
739631095
740687348
741741773
742794368
743845130
744894057
745941145
746986394
748029799
749071358
750111070
751148930
752184937
753219088
754251381
755281812
756310380
757337082
758361915
759384877
760405966
761425178
762442511
763457963
764471531
765483213
766493007
767500909
768506917
769511029
770513243
771513555
772511964
773508466
774503060
775495743
776486513
777475366
778462302
779447316
780430407
781411573
782390811
783368118
784343492
785316931
786288432
787257993
788225612
789191286
790155012
791116789
792076614
793034485
793990399
794944353
795896347
796846376
797794440
798740534
799684658
800626809
801566985
802505183
803441400
804375635
805307886
806238149
807166423
808092706
809016994
809939287
810859581
811777874
812694164
813608450
814520727
815430995
816339251
817245492
818149717
819051924
819952109
820850272
821746409
822640518
823532598
824422645
825310659
826196636
827080574
827962472
828842327
829720137
830595899
831469612
832341274
833210882
834078434
834943928
835807361
836668733
837528040
838385281
839240453
840093554
840944582
841793536
842640412
843485209
844327926
845168558
846007106
846843566
847677936
848510215
849340400
850168490
850994482
851818374
852640164
853459851
854277432
855092905
855906268
856717519
857526656
858333678
859138581
859941365
860742027
861540565
862336978
863131262
863923417
864713441
865501330
866287084
867070701
867852178
868631514
869408707
870183755
870956655
871727407
872496007
873262455
874026748
874788884
875548862
876306680
877062336
877815827
878567152
879316310
880063298
880808115
881550758
882291226
883029518
883765630
884499562
885231311
885960877
886688256
887413447
888136449
888857259
889575876
890292299
891006524
891718551
892428378
893136003
893841424
894544640
895245648
895944448
896641037
897335413
898027576
898717522
899405252
900090762
900774051
901455117
902133959
902810576
903484964
904157124
904827052
905494748
906160210
906823436
907484425
908143174
908799682
909453949
910105971
910755747
911403277
912048557
912691587
913332366
913970890
914607160
915241173
915872927
916502422
917129655
917754626
918377332
918997772
919615944
920231847
920845480
921456841
922065928
922672740
923277275
923879533
924479510
925077207
925672621
926265751
926856596
927445153
928031423
928615402
929197090
929776486
930353587
930928393
931500902
932071112
932639023
933204633
933767940
934328942
934887640
935444031
935998114
936549887
937099349
937646499
938191336
938733858
939274063
939811951
940347520
940880769
941411696
941940301
942466581
942990536
943512164
944031464
944548435
945063075
945575384
946085359
946593000
947098305
947601273
948101904
948600195
949096145
949589754
950081019
950569940
951056516
951540746
952022627
952502159
952979342
953454172
953926651
954396775
954864545
955329958
955793015
956253713
956712052
957168030
957621646
958072899
958521789
958968314
959412472
959854263
960293686
960730739
961165422
961597733
962027672
962455236
962880427
963303241
963723678
964141738
964557418
964970719
965381639
965790177
966196331
966600102
967001488
967400488
967797100
968191325
968583161
968972607
969359662
969744326
970126596
970506473
970883956
971259043
971631733
972002026
972369920
972735416
973098511
973459205
973817497
974173387
974526873
974877954
975226630
975572899
975916762
976258216
976597262
976933898
977268124
977599938
977929340
978256329
978580904
978903065
979222811
979540140
979855052
980167547
980477623
980785280
981090517
981393334
981693729
981991701
982287251
982580377
982871078
983159354
983445205
983728629
984009626
984288194
984564335
984838045
985109326
985378176
985644595
985908582
986170136
986429257
986685944
986940197
987192014
987441396
987688341
987932849
988174919
988414551
988651745
988886499
989118813
989348686
989576119
989801109
990023658
990243763
990461426
990676644
990889418
991099747
991307631
991513069
991716060
991916604
992114701
992310350
992503551
992694302
992882605
993068457
993251859
993432810
993611311
993787359
993960955
994132099
994300790
994467028
994630812
994792142
994951017
995107437
995261402
995412911
995561965
995708561
995852701
995994384
996133609
996270376
996404686
996536536
996665928
996792861
996917334
997039347
997158900
997275993
997390625
997502796
997612506
997719755
997824541
997926866
998026728
998124128
998219065
998311539
998401550
998489097
998574181
998656801
998736957
998814648
998889875
998962637
999032935
999100767
999166134
999229036
999289473
999347443
999402948
999455987
999506560
999554667
999600308
999643482
999684189
999722430
999758204
999791512
999822352
999850726
999876632
999900072
999921044
999939549
999955587
999969158
999980261
999988897
999995065
999998766
1000000000
